[
    IBGOFStakingOld.UserInfo(
      0,
      0x2f6f2b44DabAe3dcaa689d93fC4c763B3Ad1a2A8,
      40000000000000000000000,
      10294778395061728395061,
      0,
      1652092268,
      1683196268,
      19200000000000000000000,
      3,
      false
    ),
    IBGOFStakingOld.UserInfo(
      1,
      0xAa2b56d1ff6F45B85a972f138529929d32D0Df50,
      106010000000000000000000,
      27943876089506172839506,
      0,
      1652092511,
      1683196511,
      50884800000000000000000,
      3,
      false
    ),
    IBGOFStakingOld.UserInfo(
      2,
      0xEd938E1C10bBDA32C96CaEaD122F1396DF127C6d,
      23026000000000000000000,
      6069797157160493827160,
      0,
      1652092691,
      1683196691,
      11052480000000000000000,
      3,
      false
    ),
    IBGOFStakingOld.UserInfo(
      3,
      0xfcd1B74aCcACe73906a61A068aB7290176d3Ee84,
      20000000000000000000000,
      4938201543209876543209,
      0,
      1652092730,
      1683196730,
      9600000000000000000000,
      3,
      false
    ),
    IBGOFStakingOld.UserInfo(
      4,
      0x6eF7b0b62aB5778188714251a5901a61714eE7FB,
      103000000000000000000000,
      26480678503086419753086,
      0,
      1652108526,
      1683212526,
      49440000000000000000000,
      3,
      false
    ),
    IBGOFStakingOld.UserInfo(
      5,
      0xFb5264D4Ab55e95F5f5bda38963fE50b912f431b,
      103000000000000000000000,
      23916900416666666666666,
      0,
      1652108895,
      1683212895,
      49440000000000000000000,
      3,
      false
    ),
    IBGOFStakingOld.UserInfo(
      6,
      0xF6DEE9A3f15B06b733935FE13F5C49AA396E6a13,
      103000000000000000000000,
      27388283348765432098765,
      0,
      1652110035,
      1683214035,
      49440000000000000000000,
      3,
      false
    ),
    IBGOFStakingOld.UserInfo(
      7,
      0xC77D8743D7798c0C6C64FF84bA82381606867D93,
      103000000000000000000000,
      27388240432098765432098,
      0,
      1652110305,
      1683214305,
      49440000000000000000000,
      3,
      false
    ),
    IBGOFStakingOld.UserInfo(
      8,
      0xb4EDb8a592c6305A8c5a048C8c93247b0EAC7757,
      10000000000000000000000,
      2320031327160493827160,
      0,
      1652122048,
      1683226048,
      4800000000000000000000,
      3,
      false
    ),
    IBGOFStakingOld.UserInfo(
      9,
      0xf4203A1302CF6a6cE85f97636eeED83DaE32e310,
      50000000000000000000000,
      11599827932098765432098,
      0,
      1652122621,
      1683226621,
      24000000000000000000000,
      3,
      false
    ),
    IBGOFStakingOld.UserInfo(
      10,
      0x779Fe93Df20Bc92F247dC1Ce3e85f525a69EB28f,
      30000000000000000000000,
      6959764814814814814814,
      0,
      1652122984,
      1683226984,
      14400000000000000000000,
      3,
      false
    ),
    IBGOFStakingOld.UserInfo(
      11,
      0xfc61E5772f3a10eC8faa5626184cbf221E99FcB8,
      50000000000000000000000,
      0,
      0,
      1652123983,
      1683227983,
      24000000000000000000000,
      3,
      false
    ),
    IBGOFStakingOld.UserInfo(
      12,
      0xD3C3476937e62E4C10cf0E116d18EF52bD3dA469,
      103000000000000000000000,
      23923139228395061728395,
      0,
      1652125201,
      1683229201,
      49440000000000000000000,
      3,
      false
    ),
    IBGOFStakingOld.UserInfo(
      13,
      0xB2f28BECE3984aA58d25966651C7fE2f3E3D7a63,
      10000000000000000000000,
      2322599691358024691358,
      0,
      1652125387,
      1683229387,
      4800000000000000000000,
      3,
      false
    ),
    IBGOFStakingOld.UserInfo(
      14,
      0xCC41729FfE1E5FF59aE113EA5bdc03232152542f,
      50000000000000000000000,
      6149623456790123456790,
      0,
      1652126314,
      1683230314,
      24000000000000000000000,
      3,
      false
    ),
    IBGOFStakingOld.UserInfo(
      15,
      0x787031f530401ae9776bb98911a1255ee9c3aEdf,
      10000000000000000000000,
      600491203703703703703,
      0,
      1652142733,
      1667694733,
      1200000000000000000000,
      1,
      false
    ),
    IBGOFStakingOld.UserInfo(
      16,
      0xE97ce0248e7FAFcB8D561BFD09b0C6c42acCfb86,
      103000000000000000000000,
      22694835617283950617283,
      0,
      1652145348,
      1683249348,
      49440000000000000000000,
      3,
      false
    ),
    IBGOFStakingOld.UserInfo(
      17,
      0xEC50936F5FA648fA96F05AF3b40fe602D6FC6Eea,
      100000000000000000000000,
      12174350308641975308641,
      0,
      1652145714,
      1683249714,
      48000000000000000000000,
      3,
      false
    ),
    IBGOFStakingOld.UserInfo(
      18,
      0x06483C6D0728beBDfFa7c138E5800f012b0ACA68,
      40000000000000000000000,
      4702507407407407407407,
      0,
      1652146881,
      1683250881,
      19200000000000000000000,
      3,
      false
    ),
    IBGOFStakingOld.UserInfo(
      19,
      0x0fA1892a28aa62042b24B1ede6a41d9c35FAc5e4,
      10000000000000000000000,
      1175649074074074074074,
      0,
      1652147310,
      1683251310,
      4800000000000000000000,
      3,
      false
    ),
    IBGOFStakingOld.UserInfo(
      20,
      0x3E949AF7ff3DE99C38053fD5B76c440Bc136Bb2b,
      48609000000000000000000,
      12467162806388888888888,
      0,
      1652147595,
      1683251595,
      23332320000000000000000,
      3,
      false
    ),
    IBGOFStakingOld.UserInfo(
      21,
      0xEf29C92f0Ac8A2Bd10E52cbEC923875a7fF8413F,
      246000000000000000000000,
      28633686296296296296296,
      0,
      1652147847,
      1683251847,
      118080000000000000000000,
      3,
      false
    ),
    IBGOFStakingOld.UserInfo(
      22,
      0xDfb007D2609a07D17bD36c2dE5C79EF6fcE38Eeb,
      5000000000000000000000,
      556207870370370370370,
      0,
      1652148765,
      1675476765,
      1350000000000000000000,
      2,
      false
    ),
    IBGOFStakingOld.UserInfo(
      23,
      0x945965B80FED38e82bB539de0849180a393D4c81,
      15000000000000000000000,
      0,
      0,
      1652149809,
      1683253809,
      7200000000000000000000,
      3,
      false
    ),
    IBGOFStakingOld.UserInfo(
      24,
      0x1457C7f5923EA3ecA99aCAE53a10648EE58CAad5,
      103000000000000000000000,
      12097880895061728395061,
      0,
      1652150775,
      1683254775,
      49440000000000000000000,
      3,
      false
    ),
    IBGOFStakingOld.UserInfo(
      25,
      0xb8f4d4680c772f2b5044985aa73B240bEA02b316,
      183000000000000000000000,
      30398854375000000000000,
      0,
      1652154609,
      1675482609,
      49410000000000000000000,
      2,
      false
    ),
    IBGOFStakingOld.UserInfo(
      26,
      0x294Fde5b55803D86E1e4dAa2a29a12f2D2A302C9,
      40000000000000000000000,
      0,
      0,
      1652154618,
      1667706618,
      4800000000000000000000,
      1,
      false
    ),
    IBGOFStakingOld.UserInfo(
      27,
      0x8B820D6Fa211a307c0A98F60FdAEE14c6dB12eA0,
      40000000000000000000000,
      10255996296296296296296,
      0,
      1652154714,
      1683258714,
      19200000000000000000000,
      3,
      false
    ),
    IBGOFStakingOld.UserInfo(
      28,
      0xb2C4b00989dD744DA746785F58e269EA7407D661,
      40000000000000000000000,
      0,
      0,
      1652155032,
      1667707032,
      4800000000000000000000,
      1,
      false
    ),
    IBGOFStakingOld.UserInfo(
      29,
      0x9828047CDb83b25Ac16a16ecAEf5bf301D462b80,
      20000000000000000000000,
      5229949074074074074074,
      0,
      1652155557,
      1683259557,
      9600000000000000000000,
      3,
      false
    ),
    IBGOFStakingOld.UserInfo(
      30,
      0xD87510e0A8DfCf96B79298c86647706c55bdbC89,
      10000000000000000000000,
      0,
      0,
      1652157813,
      1683261813,
      4800000000000000000000,
      3,
      false
    ),
    IBGOFStakingOld.UserInfo(
      31,
      0xD6235b668b3bE04A86bE563Cc1DFCE0DcE586cA3,
      10000000000000000000000,
      1160916666666666666666,
      0,
      1652159470,
      1683263470,
      4800000000000000000000,
      3,
      false
    ),
    IBGOFStakingOld.UserInfo(
      32,
      0x0F387A19CA827d263de34CB74A40123667A2B859,
      14836000000000000000000,
      0,
      0,
      1652159881,
      1683263881,
      7121280000000000000000,
      3,
      false
    ),
    IBGOFStakingOld.UserInfo(
      33,
      0xC54DEB08e7DbE2a0c9bFa702C6d696cEf4831E27,
      252214000000000000000000,
      32332110559228395061728,
      0,
      1652160757,
      1683264757,
      121062720000000000000000,
      3,
      false
    ),
    IBGOFStakingOld.UserInfo(
      34,
      0xd211B91670a835b4a1076ED20ED893AC0A21881E,
      10000000000000000000000,
      1172671141975308641975,
      0,
      1652161219,
      1683265219,
      4800000000000000000000,
      3,
      false
    ),
    IBGOFStakingOld.UserInfo(
      35,
      0xBEdA3B4D4c8d852eBD7bcA7E22F9821F9EE1A288,
      30000000000000000000000,
      0,
      0,
      1652162164,
      1683266164,
      14400000000000000000000,
      3,
      false
    ),
    IBGOFStakingOld.UserInfo(
      36,
      0x34d0033552AD87a8b08c033f3F68c5717179ff62,
      33000000000000000000000,
      8455990787037037037037,
      0,
      1652164024,
      1683268024,
      15840000000000000000000,
      3,
      false
    ),
    IBGOFStakingOld.UserInfo(
      37,
      0x29Fe9A171fb1E8B2F653e20B35C76d8c693489fe,
      50657000000000000000000,
      13297762689629629629629,
      0,
      1652164072,
      1683268072,
      24315360000000000000000,
      3,
      false
    ),
    IBGOFStakingOld.UserInfo(
      38,
      0x9b641c6a11437BC1529bA5A0D697252be68d6F48,
      10100000000000000000000,
      0,
      0,
      1652165065,
      1683269065,
      4848000000000000000000,
      3,
      false
    ),
    IBGOFStakingOld.UserInfo(
      39,
      0x9c439C922E1f174bfB6C58D156827a015a94F5aC,
      103000000000000000000000,
      11927962685185185185185,
      0,
      1652165974,
      1683269974,
      49440000000000000000000,
      3,
      false
    ),
    IBGOFStakingOld.UserInfo(
      40,
      0x782436bfC506742C661bBE652c08Bd671766B850,
      10000000000000000000000,
      2316219598765432098765,
      0,
      1652166688,
      1683270688,
      4800000000000000000000,
      3,
      false
    ),
    IBGOFStakingOld.UserInfo(
      41,
      0x82460DfDe0F73A1bd9F510aE355dc1C666E2828c,
      50500000000000000000000,
      6651689328703703703703,
      0,
      1652167444,
      1683271444,
      24240000000000000000000,
      3,
      false
    ),
    IBGOFStakingOld.UserInfo(
      42,
      0xBd9484d6f8B5D7aC00798A10df2Dc5cDA967bcA2,
      10000000000000000000000,
      1174412037037037037037,
      0,
      1652167870,
      1683271870,
      4800000000000000000000,
      3,
      false
    ),
    IBGOFStakingOld.UserInfo(
      43,
      0x0bc9286b8691099fDCD94A6d293c97c6C5F658a0,
      57500000000000000000000,
      6904291203703703703703,
      0,
      1652167933,
      1683271933,
      27600000000000000000000,
      3,
      false
    ),
    IBGOFStakingOld.UserInfo(
      44,
      0x0d7bC8C0b0373785f8589DdC44A9CD0893E71Be3,
      10000000000000000000000,
      0,
      0,
      1652168089,
      1683272089,
      4800000000000000000000,
      3,
      false
    ),
    IBGOFStakingOld.UserInfo(
      45,
      0x7cF3a50761dc40D650E9d265eC40d2db0a65e224,
      412930000000000000000000,
      91370085286882716049382,
      0,
      1652168209,
      1683272209,
      198206400000000000000000,
      3,
      false
    ),
    IBGOFStakingOld.UserInfo(
      46,
      0x54B05D0a4AB40C085375f7A2d2586D9CAA9B4446,
      20000000000000000000000,
      0,
      0,
      1652169184,
      1683273184,
      9600000000000000000000,
      3,
      false
    ),
    IBGOFStakingOld.UserInfo(
      47,
      0xc3feD893a1600770B3be98eE61Dbf8d73794930c,
      10000000000000000000000,
      0,
      0,
      1652169187,
      1683273187,
      4800000000000000000000,
      3,
      false
    ),
    IBGOFStakingOld.UserInfo(
      48,
      0xe1B1fFFdE40842D0c62f030B3E4F1B803389f20f,
      10000000000000000000000,
      1333527777777777777777,
      0,
      1652169379,
      1683273379,
      4800000000000000000000,
      3,
      false
    ),
    IBGOFStakingOld.UserInfo(
      49,
      0x591d3Ff8A21099f584e318C4a3b1C980E900a750,
      3333000000000000000000,
      0,
      0,
      1652171176,
      1683275176,
      1599840000000000000000,
      3,
      false
    ),
    IBGOFStakingOld.UserInfo(
      50,
      0x32CFe4c8dCAf3089f1e308D3cC43cBA4649c4c0E,
      66667000000000000000000,
      9944262684027777777777,
      0,
      1652172628,
      1675500628,
      18000090000000000000000,
      2,
      false
    ),
    IBGOFStakingOld.UserInfo(
      51,
      0x1996e4c80DdfB00eD66a172aFdE25C3Fad097B1E,
      7885000000000000000000,
      0,
      0,
      1652172700,
      1683276700,
      3784800000000000000000,
      3,
      false
    ),
    IBGOFStakingOld.UserInfo(
      52,
      0xd7e7eF8e969c5d6208EcdA06D9fEAd370a9f7a9D,
      4286000000000000000000,
      525139702746913580246,
      0,
      1652172904,
      1683276904,
      2057280000000000000000,
      3,
      false
    ),
    IBGOFStakingOld.UserInfo(
      53,
      0x00217402eB5097125fA1233C03264dA2Ec75344b,
      10000000000000000000000,
      0,
      0,
      1652174008,
      1667726008,
      1200000000000000000000,
      1,
      false
    ),
    IBGOFStakingOld.UserInfo(
      54,
      0x8Dd97Ee94e692Aa41Ee0FE7bbfdbf9Fce8BA09d9,
      1000000000000000000000,
      0,
      0,
      1652174857,
      1683278857,
      480000000000000000000,
      3,
      false
    ),
    IBGOFStakingOld.UserInfo(
      55,
      0xaA556b6279BA04191DD2Be41055420f84c64500b,
      20000000000000000000000,
      1198758333333333333333,
      0,
      1652174983,
      1667726983,
      2400000000000000000000,
      1,
      false
    ),
    IBGOFStakingOld.UserInfo(
      56,
      0xC47ea03A8fef52E6De0F2a6ABe3879093D3C3759,
      10000000000000000000000,
      585781018518518518518,
      0,
      1652175382,
      1667727382,
      1200000000000000000000,
      1,
      false
    ),
    IBGOFStakingOld.UserInfo(
      57,
      0x8f7085312B124fb695549cb4f531A99c5614b35b,
      40000000000000000000000,
      0,
      0,
      1652175511,
      1683279511,
      19200000000000000000000,
      3,
      false
    ),
    IBGOFStakingOld.UserInfo(
      58,
      0x518b71549774bb14b927b3BEEFeB8dcFDF6dCcf2,
      34215000000000000000000,
      7163483668055555555555,
      0,
      1652175913,
      1683279913,
      16423200000000000000000,
      3,
      false
    ),
    IBGOFStakingOld.UserInfo(
      59,
      0x721fAe2446453FeC64429D3BCcdC11841e10da46,
      40000000000000000000000,
      0,
      0,
      1652176357,
      1683280357,
      19200000000000000000000,
      3,
      false
    ),
    IBGOFStakingOld.UserInfo(
      60,
      0xe08e293F1A68eC785604AE852F135e771ef59d53,
      7000000000000000000000,
      0,
      0,
      1652176717,
      1683280717,
      3360000000000000000000,
      3,
      false
    ),
    IBGOFStakingOld.UserInfo(
      61,
      0x0fD0d63cf72839fec3c047975e9E892Da9e42627,
      20000000000000000000000,
      2373283950617283950617,
      0,
      1652177263,
      1683281263,
      9600000000000000000000,
      3,
      false
    ),
    IBGOFStakingOld.UserInfo(
      62,
      0x1463AF1822c01ED856AeFc0834d701c0c3cD292C,
      3334000000000000000000,
      385221833487654320987,
      0,
      1652177590,
      1683281590,
      1600320000000000000000,
      3,
      false
    ),
    IBGOFStakingOld.UserInfo(
      63,
      0x515B194418Ed04Cd6A8fF4b5BEf5B7b4a69520c7,
      10000000000000000000000,
      1210045833333333333333,
      0,
      1652177836,
      1683281836,
      4800000000000000000000,
      3,
      false
    ),
    IBGOFStakingOld.UserInfo(
      64,
      0xaB5C342a8e7B8165087cc8687A641e8D227e6Ea7,
      20000000000000000000000,
      2557732716049382716049,
      0,
      1652177902,
      1683281902,
      9600000000000000000000,
      3,
      false
    ),
    IBGOFStakingOld.UserInfo(
      65,
      0xb1bBCDF57Ac3E3086E7B01980f68cb5656eb4F33,
      44763000000000000000000,
      0,
      0,
      1652179063,
      1667731063,
      5371560000000000000000,
      1,
      false
    ),
    IBGOFStakingOld.UserInfo(
      66,
      0xCAA3E0349C3Cee607d3b9b6EA3C3aec5E2bA5767,
      50000000000000000000000,
      6381845679012345679012,
      0,
      1652179081,
      1683283081,
      24000000000000000000000,
      3,
      false
    ),
    IBGOFStakingOld.UserInfo(
      67,
      0x4b6B9bd5fC954727b8D0f20610622a16e7b7fC54,
      86677000000000000000000,
      12916404561188271604938,
      0,
      1652179645,
      1683283645,
      41604960000000000000000,
      3,
      false
    ),
    IBGOFStakingOld.UserInfo(
      68,
      0x671DDcDdB67751f883E4d8cCE9D27615a227F3E3,
      3000000000000000000000,
      360000000000000000000,
      0,
      1652179912,
      1667731912,
      360000000000000000000,
      1,
      false
    ),
    IBGOFStakingOld.UserInfo(
      69,
      0x3D3098B76B4dF4ea1920d846CA0BcdcCC056e548,
      103000000000000000000000,
      23601507422839506172839,
      0,
      1652179915,
      1683283915,
      49440000000000000000000,
      3,
      false
    ),
    IBGOFStakingOld.UserInfo(
      70,
      0x88Dfc4CA41349E1Ba79703dA9821Ba5680f3068D,
      67988000000000000000000,
      0,
      0,
      1652181451,
      1683285451,
      32634240000000000000000,
      3,
      false
    ),
    IBGOFStakingOld.UserInfo(
      71,
      0x55E0A30e2B545B1804471b0d9715640AfAe120C1,
      3333000000000000000000,
      0,
      0,
      1652184106,
      1683288106,
      1599840000000000000000,
      3,
      false
    ),
    IBGOFStakingOld.UserInfo(
      72,
      0xd3c92D6f8E096D507D15693df3B0FB637a6eeb25,
      30920000000000000000000,
      7587064665432098765432,
      0,
      1652188482,
      1683292482,
      14841600000000000000000,
      3,
      false
    ),
    IBGOFStakingOld.UserInfo(
      73,
      0x118add127c1E702ea693e37a689081bf3C106e74,
      143000000000000000000000,
      23697309548611111111111,
      0,
      1652188911,
      1675516911,
      38610000000000000000000,
      2,
      false
    ),
    IBGOFStakingOld.UserInfo(
      74,
      0x046c478f83714EBB19095367060480f840dDE40f,
      20000000000000000000000,
      4550373148148148148148,
      0,
      1652189958,
      1683293958,
      9600000000000000000000,
      3,
      false
    ),
    IBGOFStakingOld.UserInfo(
      75,
      0x71d66BE1B1727d8Be4B8FD235Ad6611F7FE6e534,
      765000000000000000000,
      168011141666666666666,
      0,
      1652191909,
      1683295909,
      367200000000000000000,
      3,
      false
    ),
    IBGOFStakingOld.UserInfo(
      76,
      0x5bd305275Aa21AC0AE1654ecb4CFF2C0Ea53F5AD,
      170300000000000000000000,
      20609314415123456790123,
      0,
      1652192458,
      1683296458,
      81744000000000000000000,
      3,
      false
    ),
    IBGOFStakingOld.UserInfo(
      77,
      0x7863687Fddd86430C9841A4705DB2A528362d1bb,
      25000000000000000000000,
      0,
      0,
      1652195724,
      1683299724,
      12000000000000000000000,
      3,
      false
    ),
    IBGOFStakingOld.UserInfo(
      78,
      0x2B7bb76781B026EF1909D81995606865841901FF,
      10000000000000000000000,
      0,
      0,
      1652228481,
      1683332481,
      4800000000000000000000,
      3,
      false
    ),
    IBGOFStakingOld.UserInfo(
      79,
      0xA287010933ADE8754CF8c37F18cE9F1e1AD41703,
      16700000000000000000000,
      0,
      0,
      1652229585,
      1683333585,
      8016000000000000000000,
      3,
      false
    ),
    IBGOFStakingOld.UserInfo(
      80,
      0x520Bc7baC77612B2D21773729E092629b1ECce90,
      10000000000000000000000,
      0,
      0,
      1652231730,
      1683335730,
      4800000000000000000000,
      3,
      false
    ),
    IBGOFStakingOld.UserInfo(
      81,
      0x00e6714c45a1c7BAf4b04f97766d3334C86874B8,
      23000000000000000000000,
      5749991126543209876543,
      0,
      1652234028,
      1683338028,
      11040000000000000000000,
      3,
      false
    ),
    IBGOFStakingOld.UserInfo(
      82,
      0xc82Ab577A678a7231C84d877f1AFD716ef854a45,
      4000000000000000000000,
      0,
      0,
      1652234118,
      1683338118,
      1920000000000000000000,
      3,
      false
    ),
    IBGOFStakingOld.UserInfo(
      83,
      0xF61facdbb7aC87981501926Ea3ffB7e338d0eAA5,
      103000000000000000000000,
      12127982962962962962962,
      0,
      1652234445,
      1683338445,
      49440000000000000000000,
      3,
      false
    ),
    IBGOFStakingOld.UserInfo(
      84,
      0xa93032c6920378d96b889842C7557f7468A96Acc,
      389848000000000000000000,
      0,
      0,
      1652234511,
      1683338511,
      187127040000000000000000,
      3,
      false
    ),
    IBGOFStakingOld.UserInfo(
      85,
      0x0F40768DE65ABAd5e52D848F5A4CD3E42868a05C,
      23334000000000000000000,
      0,
      0,
      1652235174,
      1667787174,
      2800080000000000000000,
      1,
      false
    ),
    IBGOFStakingOld.UserInfo(
      86,
      0xf4b3d9f6f7d0B5Ce317d9cC723dFBaBB66beB883,
      30000000000000000000000,
      3487968518518518518518,
      0,
      1652235264,
      1683339264,
      14400000000000000000000,
      3,
      false
    ),
    IBGOFStakingOld.UserInfo(
      87,
      0x364B63E37df856A4a94a35Dc612540Af4f805975,
      7162000000000000000000,
      0,
      0,
      1652236485,
      1683340485,
      3437760000000000000000,
      3,
      false
    ),
    IBGOFStakingOld.UserInfo(
      88,
      0xA2034B84c3D9a7914D6a81C382E758946e4987DF,
      25000000000000000000000,
      0,
      0,
      1652238564,
      1683342564,
      12000000000000000000000,
      3,
      false
    ),
    IBGOFStakingOld.UserInfo(
      89,
      0xfCd34c59E34fe314BDBf99181aB6F4c4E5c607CB,
      10109000000000000000000,
      0,
      0,
      1652244276,
      1683348276,
      4852320000000000000000,
      3,
      false
    ),
    IBGOFStakingOld.UserInfo(
      90,
      0x2Fbc328870c145EaC99fb8C3E531ce4cA59Af581,
      20000000000000000000000,
      0,
      0,
      1652245974,
      1683349974,
      9600000000000000000000,
      3,
      false
    ),
    IBGOFStakingOld.UserInfo(
      91,
      0x9355E4E9b324260D5614F3A7c5ECb7C8a9DA1E26,
      10010000000000000000000,
      0,
      0,
      1652246031,
      1683350031,
      4804800000000000000000,
      3,
      false
    ),
    IBGOFStakingOld.UserInfo(
      92,
      0xeb6783FdE59255E801429F8395a97ceDc6E5BD81,
      163000000000000000000000,
      14051026365740740740740,
      0,
      1652246826,
      1675574826,
      44010000000000000000000,
      2,
      false
    ),
    IBGOFStakingOld.UserInfo(
      93,
      0x0BBe24361c57133E4F2eaF81E146055a5C566516,
      40000000000000000000000,
      0,
      0,
      1652246898,
      1683350898,
      19200000000000000000000,
      3,
      false
    ),
    IBGOFStakingOld.UserInfo(
      94,
      0x9135930614D494bF932aEc9fbEd058Bbb87DFe6F,
      8000000000000000000000,
      0,
      0,
      1652248371,
      1683352371,
      3840000000000000000000,
      3,
      false
    ),
    IBGOFStakingOld.UserInfo(
      95,
      0x4AC8e0a5A75c4d3a350062ccED58Def5F3137AE0,
      5000000000000000000000,
      0,
      0,
      1652251546,
      1683355546,
      2400000000000000000000,
      3,
      false
    ),
    IBGOFStakingOld.UserInfo(
      96,
      0xBBe5980c4a5Cfa50Ec2f12Ace9cE4818c4eC9782,
      15000000000000000000000,
      0,
      0,
      1652251678,
      1683355678,
      7200000000000000000000,
      3,
      false
    ),
    IBGOFStakingOld.UserInfo(
      97,
      0x4b9342461Cca0e19625f33ba4aFdA6d11725C134,
      40000000000000000000000,
      10343348765432098765432,
      0,
      1652252160,
      1683356160,
      19200000000000000000000,
      3,
      false
    ),
    IBGOFStakingOld.UserInfo(
      98,
      0x21bE911C48572FD16d61DC3382374f4CFae13E50,
      50000000000000000000000,
      6000000000000000000000,
      0,
      1652252274,
      1667804274,
      6000000000000000000000,
      1,
      false
    ),
    IBGOFStakingOld.UserInfo(
      99,
      0x73c467Dc0810adC58ab3ED59036239A9750E9FDD,
      8100000000000000000000,
      0,
      0,
      1652252889,
      1683356889,
      3888000000000000000000,
      3,
      false
    ),
    IBGOFStakingOld.UserInfo(
      100,
      0x8B6913114165c1E543ea50D3f798847AAC49c249,
      8000000000000000000000,
      0,
      0,
      1652253395,
      1675581395,
      2160000000000000000000,
      2,
      false
    ),
    IBGOFStakingOld.UserInfo(
      101,
      0x841362a4f797792dE04010fefAC5eD125e1A4Bb8,
      123000000000000000000000,
      30667641250000000000000,
      0,
      1652254270,
      1683358270,
      59040000000000000000000,
      3,
      false
    ),
    IBGOFStakingOld.UserInfo(
      102,
      0x4CC54E3BF6E278E3fE18Fa207fd053Af8015Fc19,
      65900000000000000000000,
      7908000000000000000000,
      0,
      1652254444,
      1667806444,
      7908000000000000000000,
      1,
      false
    ),
    IBGOFStakingOld.UserInfo(
      103,
      0x6e5d352e0B82F0afA91EFa211382BCE827d50a20,
      20000000000000000000000,
      2316495987654320987654,
      0,
      1652254777,
      1683358777,
      9600000000000000000000,
      3,
      false
    ),
    IBGOFStakingOld.UserInfo(
      104,
      0xD14954e9D3e003067753d75eCb3f3026cB3C5257,
      10000000000000000000000,
      1149196296296296296296,
      0,
      1652254786,
      1683358786,
      4800000000000000000000,
      3,
      false
    ),
    IBGOFStakingOld.UserInfo(
      105,
      0xe7CdF86042735009Ee4dDc623582F069579A7478,
      11666000000000000000000,
      1383413330123456790123,
      0,
      1652254821,
      1683358821,
      5599680000000000000000,
      3,
      false
    ),
    IBGOFStakingOld.UserInfo(
      106,
      0x652BF2A05D5eB23ea4744c4737FC6A833610Af6C,
      46800000000000000000000,
      11980487277777777777777,
      0,
      1652255929,
      1683359929,
      22464000000000000000000,
      3,
      false
    ),
    IBGOFStakingOld.UserInfo(
      107,
      0x109689bB66A3Bf0Bc730B70b1c358446C055F7E2,
      10000000000000000000000,
      1171627777777777777777,
      0,
      1652256414,
      1683360414,
      4800000000000000000000,
      3,
      false
    ),
    IBGOFStakingOld.UserInfo(
      108,
      0xB972Ebe1a21Ea5703D123c33BC3E36F00D2eee53,
      10000000000000000000000,
      0,
      0,
      1652258301,
      1683362301,
      4800000000000000000000,
      3,
      false
    ),
    IBGOFStakingOld.UserInfo(
      109,
      0xfaFa7568e64f5F1283ddD35E356649D5C13AF6b2,
      15000000000000000000000,
      0,
      0,
      1652259296,
      1667811296,
      1800000000000000000000,
      1,
      false
    ),
    IBGOFStakingOld.UserInfo(
      110,
      0x40CC0c0f907a07a4cd0ee4355775a699Fba3e2c1,
      20000000000000000000000,
      0,
      0,
      1652259351,
      1683363351,
      9600000000000000000000,
      3,
      false
    ),
    IBGOFStakingOld.UserInfo(
      111,
      0x0e958E2B7Aa169D1a942954AE4545406940f8bf4,
      220000000000000000000,
      0,
      0,
      1652259565,
      1683363565,
      105600000000000000000,
      3,
      false
    ),
    IBGOFStakingOld.UserInfo(
      112,
      0x37460829715748319Ec4EeA53600D53aae8c867C,
      10094000000000000000000,
      0,
      0,
      1652259892,
      1683363892,
      4845120000000000000000,
      3,
      false
    ),
    IBGOFStakingOld.UserInfo(
      113,
      0x83cAA2F711019dF014FeA0c632e5C4dfd891c12F,
      6190000000000000000000,
      0,
      0,
      1652260851,
      1683364851,
      2971200000000000000000,
      3,
      false
    ),
    IBGOFStakingOld.UserInfo(
      114,
      0xdBC9De0Fa5D5aCdD33465da6780d28BC103D1F03,
      103001000000000000000000,
      0,
      0,
      1652261045,
      1683365045,
      49440480000000000000000,
      3,
      false
    ),
    IBGOFStakingOld.UserInfo(
      115,
      0x10c425b80FA0DcF29010879bFfAFbF562d96bB0d,
      1666000000000000000000,
      0,
      0,
      1652261560,
      1683365560,
      799680000000000000000,
      3,
      false
    ),
    IBGOFStakingOld.UserInfo(
      116,
      0x1e937989884D6739a4facB4d7E9A89fab20a3E68,
      103670000000000000000000,
      26529001014660493827160,
      0,
      1652261798,
      1683365798,
      49761600000000000000000,
      3,
      false
    ),
    IBGOFStakingOld.UserInfo(
      117,
      0x2395374D7217810C6536F121176cD7AE75bAB10f,
      181400000000000000000000,
      46667700237654320987654,
      0,
      1652261833,
      1683365833,
      87072000000000000000000,
      3,
      false
    ),
    IBGOFStakingOld.UserInfo(
      118,
      0x754CACf86f3d399acF0fCf04A06E5E5575De5d4D,
      46800000000000000000000,
      5372502777777777777777,
      0,
      1652261996,
      1683365996,
      22464000000000000000000,
      3,
      false
    ),
    IBGOFStakingOld.UserInfo(
      119,
      0x9313b7069b7eFfBB7A53CF999bA9ECEdCBe6a13e,
      63220000000000000000000,
      7257755512962962962962,
      0,
      1652262220,
      1683366220,
      30345600000000000000000,
      3,
      false
    ),
    IBGOFStakingOld.UserInfo(
      120,
      0x1E1bf2D7AF1a4FdfeCBd44B4b08c8156779724AB,
      123000000000000000000000,
      31471237453703703703703,
      0,
      1652262887,
      1683366887,
      59040000000000000000000,
      3,
      false
    ),
    IBGOFStakingOld.UserInfo(
      121,
      0xaF7581C202BC1Cc165FE05a5bB8F19508e8458A8,
      10000000000000000000000,
      0,
      0,
      1652272702,
      1683376702,
      4800000000000000000000,
      3,
      false
    ),
    IBGOFStakingOld.UserInfo(
      122,
      0xd1C16B71E950feF5c7F870c5c779c12B5982F384,
      20000000000000000000000,
      2311059876543209876543,
      0,
      1652293832,
      1683397832,
      9600000000000000000000,
      3,
      false
    ),
    IBGOFStakingOld.UserInfo(
      123,
      0xd4C254ACE9AF7028Eb0F958Df8ba4804b1F82D1b,
      103000000000000000000000,
      11875082993827160493827,
      0,
      1652303132,
      1683407132,
      49440000000000000000000,
      3,
      false
    ),
    IBGOFStakingOld.UserInfo(
      124,
      0x5a37eFEE693B6fC8E42bE3c9C310E1a4bd5a4BA3,
      10000000000000000000000,
      0,
      0,
      1652309551,
      1683413551,
      4800000000000000000000,
      3,
      false
    ),
    IBGOFStakingOld.UserInfo(
      125,
      0x585C6c392F4062f0C7ecB9C1E0542718B5DDf07F,
      400000000000000000000000,
      45937080246913580246913,
      0,
      1652318754,
      1683422754,
      192000000000000000000000,
      3,
      false
    ),
    IBGOFStakingOld.UserInfo(
      126,
      0x582912297D9F07175869bEBA3e343732bdc55a0d,
      10000000000000000000000,
      1163469753086419753086,
      0,
      1652319390,
      1683423390,
      4800000000000000000000,
      3,
      false
    ),
    IBGOFStakingOld.UserInfo(
      127,
      0x772D9C7eF4c4A32f01871f478f7ff79196D28939,
      15010000000000000000000,
      1801778626234567901234,
      0,
      1652324271,
      1683428271,
      7204800000000000000000,
      3,
      false
    ),
    IBGOFStakingOld.UserInfo(
      128,
      0xe42286d855b5d1A305b39088C381231d08bea006,
      53468000000000000000000,
      10825028964691358024691,
      0,
      1652336330,
      1683440330,
      25664640000000000000000,
      3,
      false
    ),
    IBGOFStakingOld.UserInfo(
      129,
      0x3bBaE2042944AFb7F5FAF0c434fefCf542c63f6A,
      10000000000000000000000,
      0,
      0,
      1652339365,
      1683443365,
      4800000000000000000000,
      3,
      false
    ),
    IBGOFStakingOld.UserInfo(
      130,
      0x2f64704850927F487fC2A6Dd53b804C74B20CF1B,
      20000000000000000000000,
      2561031172839506172839,
      0,
      1652346812,
      1683450812,
      9600000000000000000000,
      3,
      false
    ),
    IBGOFStakingOld.UserInfo(
      131,
      0x2680256a037D10A9871ff0775aC516375beB4571,
      14000000000000000000000,
      3430582037037037037037,
      0,
      1652347490,
      1683451490,
      6720000000000000000000,
      3,
      false
    ),
    IBGOFStakingOld.UserInfo(
      132,
      0xE41b02A834bBca776205DB7743254b06bEBb9304,
      10000000000000000000000,
      0,
      0,
      1652354417,
      1667906417,
      1200000000000000000000,
      1,
      false
    ),
    IBGOFStakingOld.UserInfo(
      133,
      0x46bFf35Cd6C01ACED837086f0B58c026d83BB8f8,
      28000000000000000000000,
      0,
      0,
      1652405225,
      1683509225,
      13440000000000000000000,
      3,
      false
    ),
    IBGOFStakingOld.UserInfo(
      134,
      0x0912A036f83bc9bf305aff999A2B1E5782011e90,
      10000000000000000000000,
      2578354629629629629629,
      0,
      1652406624,
      1683510624,
      4800000000000000000000,
      3,
      false
    ),
    IBGOFStakingOld.UserInfo(
      135,
      0x564e3a2F466577332b5aA4270f6128C983113c23,
      7000000000000000000000,
      0,
      0,
      1652407500,
      1683511500,
      3360000000000000000000,
      3,
      false
    ),
    IBGOFStakingOld.UserInfo(
      136,
      0x76f3d30283B9A50B237Fb9BA39E7903d4045e0c3,
      16667000000000000000000,
      0,
      0,
      1652411547,
      1683515547,
      8000160000000000000000,
      3,
      false
    ),
    IBGOFStakingOld.UserInfo(
      137,
      0x73D352e8Ba265929BD3DE573adC18ff4EB843da9,
      10000000000000000000000,
      1254006944444444444444,
      0,
      1652412913,
      1683516913,
      4800000000000000000000,
      3,
      false
    ),
    IBGOFStakingOld.UserInfo(
      138,
      0x2DDc1e10375214D117AEFc01b3450e31ffe966a9,
      10000000000000000000000,
      0,
      0,
      1652415622,
      1675743622,
      2700000000000000000000,
      2,
      false
    ),
    IBGOFStakingOld.UserInfo(
      139,
      0x503a48952A18755CFc63b70f4de158BEdEE0CA57,
      80000000000000000000000,
      8986772839506172839506,
      0,
      1652415998,
      1683519998,
      38400000000000000000000,
      3,
      false
    ),
    IBGOFStakingOld.UserInfo(
      140,
      0x97d77b2D0a94Fa355E1eF918eF7500F396948583,
      5000000000000000000000,
      561699922839506172839,
      0,
      1652416001,
      1683520001,
      2400000000000000000000,
      3,
      false
    ),
    IBGOFStakingOld.UserInfo(
      141,
      0x2dB463780039E70a99DA57dfFB3979f4C000A0B4,
      3333000000000000000000,
      0,
      0,
      1652418617,
      1683522617,
      1599840000000000000000,
      3,
      false
    ),
    IBGOFStakingOld.UserInfo(
      142,
      0xB3235d4575a9c6dD791E21a099Ea3c05837edC23,
      4000000000000000000000,
      0,
      0,
      1652418623,
      1683522623,
      1920000000000000000000,
      3,
      false
    ),
    IBGOFStakingOld.UserInfo(
      143,
      0xcEd9D1e5f085DC7762274884A4955421A2bF1Cb0,
      10000000000000000000000,
      0,
      0,
      1652422810,
      1683526810,
      4800000000000000000000,
      3,
      false
    ),
    IBGOFStakingOld.UserInfo(
      144,
      0x40C0408b2fdb7Dc298DBfb27D17E4e96EEa384DC,
      8244000000000000000000,
      0,
      0,
      1652426077,
      1683530077,
      3957120000000000000000,
      3,
      false
    ),
    IBGOFStakingOld.UserInfo(
      145,
      0x43B830c4e3B2113B089eC1e5B29B8f8bACE71889,
      18000000000000000000000,
      2038235555555555555555,
      0,
      1652430650,
      1683534650,
      8640000000000000000000,
      3,
      false
    ),
    IBGOFStakingOld.UserInfo(
      146,
      0xb5938808D476B94B41Fb2abF997000239F02d68F,
      153000000000000000000000,
      18360000000000000000000,
      0,
      1652447935,
      1667999935,
      18360000000000000000000,
      1,
      false
    ),
    IBGOFStakingOld.UserInfo(
      147,
      0x0E37C5DD561a0A2CC3790FC368F8ba84144dD390,
      50000000000000000000000,
      5691687500000000000000,
      0,
      1652483870,
      1683587870,
      24000000000000000000000,
      3,
      false
    ),
    IBGOFStakingOld.UserInfo(
      148,
      0xA9AB9d8a4e26189a2a66B292d13D4e9f03B55ae6,
      20000000000000000000000,
      2220218518518518518518,
      0,
      1652491339,
      1683595339,
      9600000000000000000000,
      3,
      false
    ),
    IBGOFStakingOld.UserInfo(
      149,
      0xe2649f0ed4ca25f5C475AfAc0eF7830FBb5f8e3d,
      10000000000000000000000,
      0,
      0,
      1652495899,
      1683599899,
      4800000000000000000000,
      3,
      false
    ),
    IBGOFStakingOld.UserInfo(
      150,
      0x849252154E4b9571250f27b5d33213aB0ec70868,
      30000000000000000000000,
      0,
      0,
      1652506869,
      1683610869,
      14400000000000000000000,
      3,
      false
    ),
    IBGOFStakingOld.UserInfo(
      151,
      0xE9A67a7F56bc3665dB00744A5d0Fb6E510cb8a2d,
      4000000000000000000000,
      0,
      0,
      1652507567,
      1683611567,
      1920000000000000000000,
      3,
      false
    ),
    IBGOFStakingOld.UserInfo(
      152,
      0x59e544595B651532890A203873EAFbCb5E5E18dF,
      3500000000000000000000,
      0,
      0,
      1652516000,
      1683620000,
      1680000000000000000000,
      3,
      false
    ),
    IBGOFStakingOld.UserInfo(
      153,
      0xA33017757e8BCd6f398e5fdf02d3cFF3D1BD39B9,
      5000000000000000000000,
      586059490740740740740,
      0,
      1652520219,
      1683624219,
      2400000000000000000000,
      3,
      false
    ),
    IBGOFStakingOld.UserInfo(
      154,
      0x474FB811075355FE5D5E876FaE842822B4c2e19E,
      4000000000000000000000,
      0,
      0,
      1652521689,
      1683625689,
      1920000000000000000000,
      3,
      false
    ),
    IBGOFStakingOld.UserInfo(
      155,
      0x1a19eA1Bc8bfadbF665726c330F96e84bB53635B,
      10000000000000000000000,
      1228459413580246913580,
      0,
      1652586542,
      1683690542,
      4800000000000000000000,
      3,
      false
    ),
    IBGOFStakingOld.UserInfo(
      156,
      0x4B837640eECB0C998547105017170d17E67846D5,
      10000000000000000000000,
      0,
      0,
      1652592165,
      1683696165,
      4800000000000000000000,
      3,
      false
    ),
    IBGOFStakingOld.UserInfo(
      157,
      0xa61D9A8E9787368a7cd8B5265f8fEbA1a10234F5,
      50000000000000000000000,
      6371037037037037037037,
      0,
      1652625901,
      1683729901,
      24000000000000000000000,
      3,
      false
    ),
    IBGOFStakingOld.UserInfo(
      158,
      0xEFE4aCA3261F7497b7190a93990d64eE43A7aB51,
      13428000000000000000000,
      0,
      0,
      1652674147,
      1683778147,
      6445440000000000000000,
      3,
      false
    ),
    IBGOFStakingOld.UserInfo(
      159,
      0x74c928305217130C27fcA75420D61f813673c60b,
      4200000000000000000000,
      0,
      0,
      1652678931,
      1668230931,
      504000000000000000000,
      1,
      false
    ),
    IBGOFStakingOld.UserInfo(
      160,
      0x513915C5f6f4A020A5aB154f14C8d8df5A75Bf4d,
      1666000000000000000000,
      0,
      0,
      1652678931,
      1668230931,
      199920000000000000000,
      1,
      false
    ),
    IBGOFStakingOld.UserInfo(
      161,
      0x00Ffb84b7Bd58A05915F69e4dddEfdf58f9A6c68,
      11666000000000000000000,
      0,
      0,
      1652678943,
      1668230943,
      1399920000000000000000,
      1,
      false
    ),
    IBGOFStakingOld.UserInfo(
      162,
      0x988219e6805a4B26c5eB2b782F6790C3a58D4E85,
      3333000000000000000000,
      0,
      0,
      1652679890,
      1668231890,
      399960000000000000000,
      1,
      false
    ),
    IBGOFStakingOld.UserInfo(
      163,
      0x4d346AAEd7bb0387072C3730A62a97682BD1D477,
      10000000000000000000000,
      0,
      0,
      1652683772,
      1683787772,
      4800000000000000000000,
      3,
      false
    ),
    IBGOFStakingOld.UserInfo(
      164,
      0x37615D72676C9b99829c70250D21B7F24F217223,
      372900000000000000000000,
      0,
      0,
      1652704043,
      1683808043,
      178992000000000000000000,
      3,
      false
    ),
    IBGOFStakingOld.UserInfo(
      165,
      0x456750242251b9296B43aFE0583e6ccB2Ecd5f59,
      21308000000000000000000,
      0,
      0,
      1652705225,
      1676033225,
      5753160000000000000000,
      2,
      false
    ),
    IBGOFStakingOld.UserInfo(
      166,
      0x4433f71Bf517B67EBE443BB9d5e642E974Fab10d,
      10000000000000000000000,
      0,
      0,
      1652764142,
      1683868142,
      4800000000000000000000,
      3,
      false
    ),
    IBGOFStakingOld.UserInfo(
      167,
      0x33C301525BfE5E5B575D337CFf630ed24FEdc9e4,
      50000000000000000000000,
      0,
      0,
      1652764533,
      1683868533,
      24000000000000000000000,
      3,
      false
    ),
    IBGOFStakingOld.UserInfo(
      168,
      0x3eb46AA6BDe60c20A1bf76B79096D7260A86caf0,
      20000000000000000000000,
      0,
      0,
      1652764761,
      1683868761,
      9600000000000000000000,
      3,
      false
    ),
    IBGOFStakingOld.UserInfo(
      169,
      0x5c7F57eFcfEf7a3E19e7B249A2A2A8e19967888C,
      51461000000000000000000,
      6175320000000000000000,
      0,
      1652765407,
      1668317407,
      6175320000000000000000,
      1,
      false
    ),
    IBGOFStakingOld.UserInfo(
      170,
      0x62b6bdfEe3731807C910b56D4E921eedf6b4b727,
      10000000000000000000000,
      1080255401234567901234,
      0,
      1652774561,
      1683878561,
      4800000000000000000000,
      3,
      false
    ),
    IBGOFStakingOld.UserInfo(
      171,
      0x64Af0744751a4dc22827fd37D351050Bc09A7a80,
      12500000000000000000000,
      0,
      0,
      1652778147,
      1683882147,
      6000000000000000000000,
      3,
      false
    ),
    IBGOFStakingOld.UserInfo(
      172,
      0x1a3bdED68ba6fca23E2E2C270d7E9eb0b3Cad403,
      20995000000000000000000,
      0,
      0,
      1652781870,
      1683885870,
      10077600000000000000000,
      3,
      false
    ),
    IBGOFStakingOld.UserInfo(
      173,
      0x7deEF99CB2946a2fcDb3c85654CE491EB9875E0A,
      70000000000000000000000,
      8570397067901234567901,
      0,
      1652855903,
      1683959903,
      33600000000000000000000,
      3,
      false
    ),
    IBGOFStakingOld.UserInfo(
      174,
      0x50B6191584C756a8FF3c84927E5B90E1EEfDBeDA,
      25000000000000000000000,
      0,
      0,
      1652880823,
      1683984823,
      12000000000000000000000,
      3,
      false
    ),
    IBGOFStakingOld.UserInfo(
      175,
      0xd5FA2b32BB28788e078950C2730215c6132eE7A8,
      15000000000000000000000,
      0,
      0,
      1652923641,
      1684027641,
      7200000000000000000000,
      3,
      false
    ),
    IBGOFStakingOld.UserInfo(
      176,
      0x2891908E11FCDfd87ED25fe733fBF7916eb53fc5,
      17850000000000000000000,
      0,
      0,
      1652924388,
      1684028388,
      8568000000000000000000,
      3,
      false
    ),
    IBGOFStakingOld.UserInfo(
      177,
      0xe3b1A653Dc574d02c2C31B9F9503Ee7Cd5041E67,
      10000000000000000000000,
      0,
      0,
      1653027188,
      1684131188,
      4800000000000000000000,
      3,
      false
    ),
    IBGOFStakingOld.UserInfo(
      178,
      0x911373CB9CF8060F0E0be7E73b86AB584c8e2A1c,
      30000000000000000000000,
      0,
      0,
      1653035409,
      1684139409,
      14400000000000000000000,
      3,
      false
    ),
    IBGOFStakingOld.UserInfo(
      179,
      0xBEa8E8B7611a7f4f17d9Dc201252c1cDbCcD2BaE,
      10000000000000000000000,
      1025966203703703703703,
      0,
      1653110529,
      1684214529,
      4800000000000000000000,
      3,
      false
    ),
    IBGOFStakingOld.UserInfo(
      180,
      0xE1F1FFabE9ec04faa16e7730434D8de2b7b661B7,
      40000000000000000000000,
      4154119753086419753086,
      0,
      1653123820,
      1684227820,
      19200000000000000000000,
      3,
      false
    ),
    IBGOFStakingOld.UserInfo(
      181,
      0xf6BB9a7Cf924881ABB52f4BfF28D6155883c22De,
      10000000000000000000000,
      1123345370370370370370,
      0,
      1653195095,
      1684299095,
      4800000000000000000000,
      3,
      false
    ),
    IBGOFStakingOld.UserInfo(
      182,
      0x046ef67E16b30FA5C9607C194A888ce19975BDB6,
      20000000000000000000000,
      4319205246913580246913,
      0,
      1653286024,
      1684390024,
      9600000000000000000000,
      3,
      false
    ),
    IBGOFStakingOld.UserInfo(
      183,
      0x3bB945Df237ea7d379B6C91e29cf4A21c11Fe121,
      18000000000000000000000,
      0,
      0,
      1653359436,
      1684463436,
      8640000000000000000000,
      3,
      false
    ),
    IBGOFStakingOld.UserInfo(
      184,
      0xD8BD57C9123BE877f3Ed60056c0cFAC95A419683,
      15000000000000000000000,
      0,
      0,
      1653360003,
      1668912003,
      1800000000000000000000,
      1,
      false
    ),
    IBGOFStakingOld.UserInfo(
      185,
      0x580D8598D1157120BAE288E5E974feDa1d6Be761,
      66667000000000000000000,
      0,
      0,
      1653384634,
      1684488634,
      32000160000000000000000,
      3,
      false
    ),
    IBGOFStakingOld.UserInfo(
      186,
      0x3f38793F1f09628581Bc002711ec823Ac3a6Aa61,
      6667000000000000000000,
      0,
      0,
      1653386224,
      1684490224,
      3200160000000000000000,
      3,
      false
    ),
    IBGOFStakingOld.UserInfo(
      187,
      0x189d043429D2f461F105501b3AD65bf399335b3B,
      20000000000000000000000,
      0,
      0,
      1653387341,
      1684491341,
      9600000000000000000000,
      3,
      false
    ),
    IBGOFStakingOld.UserInfo(
      188,
      0x8D00396f5778A7877FE5Cf0a9C048330Fc2Db818,
      20000000000000000000000,
      0,
      0,
      1653390290,
      1684494290,
      9600000000000000000000,
      3,
      false
    ),
    IBGOFStakingOld.UserInfo(
      189,
      0x4a6aD67161E23A7EcF85D43c88a7C33eAB6528F8,
      6667000000000000000000,
      0,
      0,
      1653391424,
      1684495424,
      3200160000000000000000,
      3,
      false
    ),
    IBGOFStakingOld.UserInfo(
      190,
      0xCFd03AB4a3f7141Bc04f30C6092596D1e37D8F22,
      20000000000000000000000,
      0,
      0,
      1653391925,
      1684495925,
      9600000000000000000000,
      3,
      false
    ),
    IBGOFStakingOld.UserInfo(
      191,
      0xcCb724B85713754b5b5781bbc7B5eC96EAE721c0,
      20000000000000000000000,
      0,
      0,
      1653393157,
      1684497157,
      9600000000000000000000,
      3,
      false
    ),
    IBGOFStakingOld.UserInfo(
      192,
      0xFE642D135c8Af178f557CA7F099fC4dF274dbF90,
      20000000000000000000000,
      0,
      0,
      1653395137,
      1684499137,
      9600000000000000000000,
      3,
      false
    ),
    IBGOFStakingOld.UserInfo(
      193,
      0x11a16B47e0aE9E84F10E8eC181EB31bB2E06a48f,
      20000000000000000000000,
      0,
      0,
      1653396166,
      1684500166,
      9600000000000000000000,
      3,
      false
    ),
    IBGOFStakingOld.UserInfo(
      194,
      0xf82EFD830A777c3d96B8d49C71A5a7f345619E05,
      20000000000000000000000,
      0,
      0,
      1653396544,
      1684500544,
      9600000000000000000000,
      3,
      false
    ),
    IBGOFStakingOld.UserInfo(
      195,
      0x238Af0F635e7af5B2EaA7C075AC15A49F1706356,
      31656000000000000000000,
      0,
      0,
      1653452598,
      1684556598,
      15194880000000000000000,
      3,
      false
    ),
    IBGOFStakingOld.UserInfo(
      196,
      0x760525f84BC682D576D101c30174bEb71E7aD733,
      38571000000000000000000,
      0,
      0,
      1653452727,
      1684556727,
      18514080000000000000000,
      3,
      false
    ),
    IBGOFStakingOld.UserInfo(
      197,
      0xfaF7c0756a751CDC0ebCC459E31DB7cE31aa5012,
      10000000000000000000000,
      2243430709876543209876,
      0,
      1653460965,
      1684564965,
      4800000000000000000000,
      3,
      false
    ),
    IBGOFStakingOld.UserInfo(
      198,
      0x73d6aE433Bea8BA51526705420C1aaeD89016D41,
      6666000000000000000000,
      0,
      0,
      1653470980,
      1684574980,
      3199680000000000000000,
      3,
      false
    ),
    IBGOFStakingOld.UserInfo(
      199,
      0x7DB0541Cbec3b2941f544b740Ef26e73e2674CaB,
      10000000000000000000000,
      2091789506172839506172,
      0,
      1653471535,
      1684575535,
      4800000000000000000000,
      3,
      false
    ),
    IBGOFStakingOld.UserInfo(
      200,
      0xf38a2F1e613d73484b3C4B0D9238B260FDc05f38,
      20000000000000000000000,
      0,
      0,
      1653471901,
      1684575901,
      9600000000000000000000,
      3,
      false
    ),
    IBGOFStakingOld.UserInfo(
      201,
      0x9990b32E17cB793Bdc9831B14e4C882654B2Dd54,
      36666000000000000000000,
      0,
      0,
      1653472369,
      1684576369,
      17599680000000000000000,
      3,
      false
    ),
    IBGOFStakingOld.UserInfo(
      202,
      0x4c2Bd99DC2DB2b9BBFe819cB9cf6dF1350084281,
      20000000000000000000000,
      0,
      0,
      1653472831,
      1684576831,
      9600000000000000000000,
      3,
      false
    ),
    IBGOFStakingOld.UserInfo(
      203,
      0x0265F259DFbB59E6F5e5AB236F9028D21B5095E7,
      6666000000000000000000,
      0,
      0,
      1653473143,
      1684577143,
      3199680000000000000000,
      3,
      false
    ),
    IBGOFStakingOld.UserInfo(
      204,
      0x1dCeB5839b17d80B58A1ED8D563B0053b1D8A13c,
      20000000000000000000000,
      0,
      0,
      1653473401,
      1684577401,
      9600000000000000000000,
      3,
      false
    ),
    IBGOFStakingOld.UserInfo(
      205,
      0xea91D1aDbf427F16Bd1fCD92E41B58B2483472D3,
      20000000000000000000000,
      0,
      0,
      1653473602,
      1684577602,
      9600000000000000000000,
      3,
      false
    ),
    IBGOFStakingOld.UserInfo(
      206,
      0xdA583B3A25729C85780DcE37F410336906caAEB2,
      26666000000000000000000,
      0,
      0,
      1653474025,
      1684578025,
      12799680000000000000000,
      3,
      false
    ),
    IBGOFStakingOld.UserInfo(
      207,
      0xD49D98AF2B807EFE6E6FBBe7870ce3387c7C57eA,
      33333000000000000000000,
      0,
      0,
      1653474279,
      1684578279,
      15999840000000000000000,
      3,
      false
    ),
    IBGOFStakingOld.UserInfo(
      208,
      0x9B099674BD0A17d8Ad63Db45bC64b44cECc91428,
      33333000000000000000000,
      0,
      0,
      1653482432,
      1684586432,
      15999840000000000000000,
      3,
      false
    ),
    IBGOFStakingOld.UserInfo(
      209,
      0x3Ec663A45e36debE07C76e18Fff0e6d80Ca50BE8,
      10000000000000000000000,
      0,
      0,
      1653499146,
      1684603146,
      4800000000000000000000,
      3,
      false
    ),
    IBGOFStakingOld.UserInfo(
      210,
      0x20dD553E9eAE489232418F0F9cC2e4112de95DCf,
      6667000000000000000000,
      0,
      0,
      1653529948,
      1684633948,
      3200160000000000000000,
      3,
      false
    ),
    IBGOFStakingOld.UserInfo(
      211,
      0x4d83C7fD24BC73dd09126317F97B5D7E1af2684F,
      6666000000000000000000,
      0,
      0,
      1653540231,
      1684644231,
      3199680000000000000000,
      3,
      false
    ),
    IBGOFStakingOld.UserInfo(
      212,
      0x32C1F9e3379b660dB21C54e3041950989eF2EeE8,
      20000000000000000000000,
      0,
      0,
      1653541371,
      1684645371,
      9600000000000000000000,
      3,
      false
    ),
    IBGOFStakingOld.UserInfo(
      213,
      0x1e63aaC142c3Bf7141759fB71A861CBD4c970258,
      40000000000000000000000,
      0,
      0,
      1653542217,
      1684646217,
      19200000000000000000000,
      3,
      false
    ),
    IBGOFStakingOld.UserInfo(
      214,
      0x7E2b11E91c7db7bD5044860B7aF9b4b3bf26c5e0,
      20000000000000000000000,
      0,
      0,
      1653542823,
      1684646823,
      9600000000000000000000,
      3,
      false
    ),
    IBGOFStakingOld.UserInfo(
      215,
      0xA48Fb9358E0fc7843c2B0d201e83f22D52DCf6Af,
      39999000000000000000000,
      0,
      0,
      1653546684,
      1684650684,
      19199520000000000000000,
      3,
      false
    ),
    IBGOFStakingOld.UserInfo(
      216,
      0x16924220E453A89348FE4877479C64E26FcAB4BD,
      63333000000000000000000,
      0,
      0,
      1653547452,
      1684651452,
      30399840000000000000000,
      3,
      false
    ),
    IBGOFStakingOld.UserInfo(
      217,
      0x70A0D6d0e435E8c5ec061aCf9655598F8BAF97a5,
      33333000000000000000000,
      0,
      0,
      1653548732,
      1684652732,
      15999840000000000000000,
      3,
      false
    ),
    IBGOFStakingOld.UserInfo(
      218,
      0x4e8E365b3D22c9bfD18e67BD892e825c653a2688,
      26666000000000000000000,
      0,
      0,
      1653553706,
      1684657706,
      12799680000000000000000,
      3,
      false
    ),
    IBGOFStakingOld.UserInfo(
      219,
      0xb408cBaB163aBeD1967229eF4772092265eeEdcB,
      6666000000000000000000,
      0,
      0,
      1653570300,
      1684674300,
      3199680000000000000000,
      3,
      false
    ),
    IBGOFStakingOld.UserInfo(
      220,
      0xb7EbfE7F6a3895a911a1fb9CcB1258866E630c3d,
      76470000000000000000000,
      0,
      0,
      1653614221,
      1669166221,
      9176400000000000000000,
      1,
      false
    ),
    IBGOFStakingOld.UserInfo(
      221,
      0x849BE491E05917dfB7808D31F263843308ef417F,
      5000000000000000000000,
      0,
      0,
      1653625889,
      1684729889,
      2400000000000000000000,
      3,
      false
    ),
    IBGOFStakingOld.UserInfo(
      222,
      0x85908943C306b77Fa7F6B7b6C1c63f1043b5B403,
      6666000000000000000000,
      0,
      0,
      1653631641,
      1684735641,
      3199680000000000000000,
      3,
      false
    ),
    IBGOFStakingOld.UserInfo(
      223,
      0xc8dF72DAc2B8Be5fCa5095fFACb339e35AAD887d,
      10000000000000000000000,
      0,
      0,
      1653633199,
      1684737199,
      4800000000000000000000,
      3,
      false
    ),
    IBGOFStakingOld.UserInfo(
      224,
      0xc9Ab09F0D21f861df369cfDBC248fa3fF47FAa54,
      20000000000000000000000,
      0,
      0,
      1653633637,
      1684737637,
      9600000000000000000000,
      3,
      false
    ),
    IBGOFStakingOld.UserInfo(
      225,
      0xe036475861eDD53582cbFf053Ad5dB44B2Bd99b1,
      20000000000000000000000,
      0,
      0,
      1653637462,
      1684741462,
      9600000000000000000000,
      3,
      false
    ),
    IBGOFStakingOld.UserInfo(
      226,
      0xBB164d5d30a37eAEf79C354d6D0bACda5D63d0a6,
      136673000000000000000000,
      0,
      0,
      1653637745,
      1684741745,
      65603040000000000000000,
      3,
      false
    ),
    IBGOFStakingOld.UserInfo(
      227,
      0xFFe9392a535257cF2f72D1E940e4e81fB78300Fa,
      10000000000000000000000,
      0,
      0,
      1653894635,
      1684998635,
      4800000000000000000000,
      3,
      false
    ),
    IBGOFStakingOld.UserInfo(
      228,
      0x3f45D7c596Ca1c47416Ba0859c357eC054DA3E2d,
      146666000000000000000000,
      0,
      0,
      1653895982,
      1684999982,
      70399680000000000000000,
      3,
      false
    ),
    IBGOFStakingOld.UserInfo(
      229,
      0x4Ebe96C8Feb7b27FbF2B022b98151957751B9Db3,
      11428000000000000000000,
      0,
      0,
      1653981474,
      1685085474,
      5485440000000000000000,
      3,
      false
    ),
    IBGOFStakingOld.UserInfo(
      230,
      0xCfEdCFbdE9E44fCDfB33Cc20FAE1361D600A4871,
      66666000000000000000000,
      0,
      0,
      1653989062,
      1685093062,
      31999680000000000000000,
      3,
      false
    ),
    IBGOFStakingOld.UserInfo(
      231,
      0x283bdF05E75A6535f6b971B9A672850b711e653a,
      10000000000000000000000,
      0,
      0,
      1654071990,
      1677399990,
      2700000000000000000000,
      2,
      false
    ),
    IBGOFStakingOld.UserInfo(
      232,
      0x2BF2086E9f4d03011eFE78708e86E56e9f0b201b,
      12000000000000000000000,
      0,
      0,
      1654140006,
      1685244006,
      5760000000000000000000,
      3,
      false
    ),
    IBGOFStakingOld.UserInfo(
      233,
      0x6E386c8b71F2B725360643Df8B0d0e3E738b487c,
      26666000000000000000000,
      0,
      0,
      1654150905,
      1677478905,
      7199820000000000000000,
      2,
      false
    ),
    IBGOFStakingOld.UserInfo(
      234,
      0xe378C7acb86f85df974DF6eEAFB12cDC8562161D,
      246666000000000000000000,
      17266945462083333333333,
      0,
      1654151466,
      1677479466,
      66599820000000000000000,
      2,
      false
    ),
    IBGOFStakingOld.UserInfo(
      235,
      0xbCf16dd9FA37649e35d556b16Fae02cb1cB34f7c,
      40000000000000000000000,
      0,
      0,
      1654155564,
      1685259564,
      19200000000000000000000,
      3,
      false
    ),
    IBGOFStakingOld.UserInfo(
      236,
      0x0482eabcbd0b6b02bbef6b12Ade748b347b80D6a,
      290000000000000000000000,
      0,
      0,
      1654246947,
      1685350947,
      139200000000000000000000,
      3,
      false
    ),
    IBGOFStakingOld.UserInfo(
      237,
      0x0168139f031be95Fea8Dab01B9e12315f1C73C49,
      220000000000000000000000,
      0,
      0,
      1654248585,
      1685352585,
      105600000000000000000000,
      3,
      false
    ),
    IBGOFStakingOld.UserInfo(
      238,
      0x7719f209bba31A3B89cFcF101bE5fBec56C3B037,
      10000000000000000000000,
      0,
      0,
      1654352766,
      1685456766,
      4800000000000000000000,
      3,
      false
    ),
    IBGOFStakingOld.UserInfo(
      239,
      0xc2cE3A3A3be64a2427ebB56a36481a552e62BBa7,
      73333000000000000000000,
      0,
      0,
      1654396886,
      1685500886,
      35199840000000000000000,
      3,
      false
    ),
    IBGOFStakingOld.UserInfo(
      240,
      0x656bd9E83b7c92AB544E7A9C5B23f54Dd5B933d6,
      10000000000000000000000,
      0,
      0,
      1654410666,
      1685514666,
      4800000000000000000000,
      3,
      false
    ),
    IBGOFStakingOld.UserInfo(
      241,
      0x79A1167b03A1e5290E75E2cee35ac0917b170cca,
      10000000000000000000000,
      0,
      0,
      1654427087,
      1685531087,
      4800000000000000000000,
      3,
      false
    ),
    IBGOFStakingOld.UserInfo(
      242,
      0x61d8f497880128aadD52E6C082c915F0e395394F,
      26666000000000000000000,
      0,
      0,
      1654487493,
      1685591493,
      12799680000000000000000,
      3,
      false
    ),
    IBGOFStakingOld.UserInfo(
      243,
      0x7f7e5A8ee8729F9388e2c9f9807AF9dB5aFdFC9e,
      20000000000000000000000,
      0,
      0,
      1654490292,
      1685594292,
      9600000000000000000000,
      3,
      false
    ),
    IBGOFStakingOld.UserInfo(
      244,
      0xa918d1d25fC8488Eb47ffdeD05C1Df8d290B632c,
      20000000000000000000000,
      0,
      0,
      1654492104,
      1685596104,
      9600000000000000000000,
      3,
      false
    ),
    IBGOFStakingOld.UserInfo(
      245,
      0x8a7efd3BaE7BE36ad34c3C8387c4A909De0A2143,
      20000000000000000000000,
      0,
      0,
      1654571092,
      1685675092,
      9600000000000000000000,
      3,
      false
    ),
    IBGOFStakingOld.UserInfo(
      246,
      0x541971Bd80D4eC7C22663B0bdA8acCc84b754259,
      6666000000000000000000,
      0,
      0,
      1654589097,
      1685693097,
      3199680000000000000000,
      3,
      false
    ),
    IBGOFStakingOld.UserInfo(
      247,
      0xf7d2a56CF991D6Fc9EAAF39d3e2b17dAF52e9B69,
      6666000000000000000000,
      0,
      0,
      1654596595,
      1685700595,
      3199680000000000000000,
      3,
      false
    ),
    IBGOFStakingOld.UserInfo(
      248,
      0x7B9096174B6c00Fa0266Ee10FadA7152eD327b23,
      40000000000000000000000,
      8191130246913580246913,
      0,
      1654698255,
      1685802255,
      19200000000000000000000,
      3,
      false
    ),
    IBGOFStakingOld.UserInfo(
      249,
      0x7671a9fA1670e2EDB4aAE35bCb15e82e10C96031,
      53333000000000000000000,
      0,
      0,
      1654843299,
      1685947299,
      25599840000000000000000,
      3,
      false
    ),
    IBGOFStakingOld.UserInfo(
      250,
      0x2AA233F91DcC2bd697f1A56CFcFD441166dc15c4,
      33333000000000000000000,
      0,
      0,
      1654848665,
      1685952665,
      15999840000000000000000,
      3,
      false
    ),
    IBGOFStakingOld.UserInfo(
      251,
      0x019Ef5814B20B89219e75430936454021D132A45,
      6191000000000000000000,
      0,
      0,
      1654926668,
      1686030668,
      2971680000000000000000,
      3,
      false
    ),
    IBGOFStakingOld.UserInfo(
      252,
      0xAdbFB4ecd0fE240dd1045bCa6A3aF6007C5643e7,
      12000000000000000000000,
      0,
      0,
      1654937288,
      1678265288,
      3240000000000000000000,
      2,
      false
    ),
    IBGOFStakingOld.UserInfo(
      253,
      0x4d73b76d2AC8764e3EC73634a731FF254bf8273f,
      6666000000000000000000,
      0,
      0,
      1655087916,
      1686191916,
      3199680000000000000000,
      3,
      false
    ),
    IBGOFStakingOld.UserInfo(
      254,
      0x370355845ef987d949Ae4c98408C7cF4c92F5fF2,
      20000000000000000000000,
      0,
      0,
      1655108974,
      1686212974,
      9600000000000000000000,
      3,
      false
    ),
    IBGOFStakingOld.UserInfo(
      255,
      0x2e31B5920E795FacfF898c33622a8bFA0bF2Df39,
      20000000000000000000000,
      0,
      0,
      1655109541,
      1686213541,
      9600000000000000000000,
      3,
      false
    ),
    IBGOFStakingOld.UserInfo(
      256,
      0x399DeF4662CAD4731fC60d0bAd6A3cC441a57859,
      33333000000000000000000,
      0,
      0,
      1655298995,
      1686402995,
      15999840000000000000000,
      3,
      false
    ),
    IBGOFStakingOld.UserInfo(
      257,
      0xc37e693Fe763028ADF71c5126cFb32eE7Ea32737,
      100000000000000000000000,
      0,
      0,
      1655360859,
      1686464859,
      48000000000000000000000,
      3,
      false
    ),
    IBGOFStakingOld.UserInfo(
      258,
      0x3fC84bca898D70F0C1f7E4e501DE05854d9FbEEc,
      30000000000000000000000,
      0,
      0,
      1655447803,
      1686551803,
      14400000000000000000000,
      3,
      false
    ),
    IBGOFStakingOld.UserInfo(
      259,
      0x453Ae83A645220CB8FAdb1280C16a90d51bB1294,
      50000000000000000000000,
      0,
      0,
      1655522506,
      1686626506,
      24000000000000000000000,
      3,
      false
    ),
    IBGOFStakingOld.UserInfo(
      260,
      0x84F3e2279837229F4a63a12528F39A080A7BAaF1,
      30000000000000000000000,
      5725592592592592592592,
      0,
      1655523307,
      1686627307,
      14400000000000000000000,
      3,
      false
    ),
    IBGOFStakingOld.UserInfo(
      261,
      0xe296d7FbE913cd5560e608cbEbb274013ee0c5fa,
      50000000000000000000000,
      10253122685185185185185,
      0,
      1655554029,
      1686658029,
      24000000000000000000000,
      3,
      false
    ),
    IBGOFStakingOld.UserInfo(
      262,
      0xe6048800e1aE66dB883014aed14e21B23baBBEE0,
      50000000000000000000000,
      3196308641975308641975,
      0,
      1655557383,
      1686661383,
      24000000000000000000000,
      3,
      false
    ),
    IBGOFStakingOld.UserInfo(
      263,
      0x727ba653C1327C0fcF4ba7450B0abA2553bD2d2c,
      66666000000000000000000,
      0,
      0,
      1655687452,
      1671239452,
      7999920000000000000000,
      1,
      false
    ),
    IBGOFStakingOld.UserInfo(
      264,
      0x13F3AF0f5a2a19e4C7d2006cc9ABbCACF153BF42,
      1000000000000000000000,
      0,
      0,
      1655697205,
      1686801205,
      480000000000000000000,
      3,
      false
    ),
    IBGOFStakingOld.UserInfo(
      265,
      0x612f5bAa3675388C2b3f12aE6b8e4E9EAe46820F,
      15238000000000000000000,
      0,
      0,
      1655724034,
      1686828034,
      7314240000000000000000,
      3,
      false
    ),
    IBGOFStakingOld.UserInfo(
      266,
      0x3F19c7E44D0D4FAC731e88a66576DdCA3f3c9479,
      50000000000000000000000,
      10113736882716049382716,
      0,
      1655735243,
      1686839243,
      24000000000000000000000,
      3,
      false
    ),
    IBGOFStakingOld.UserInfo(
      267,
      0xf20b91cb3304049646FcBfF67dec7B524F066c2a,
      10000000000000000000000,
      612918209876543209876,
      0,
      1655788614,
      1686892614,
      4800000000000000000000,
      3,
      false
    ),
    IBGOFStakingOld.UserInfo(
      268,
      0x9Ea24151B7738e7fcD9Cf202e422386d76a469f5,
      50000000000000000000000,
      2937930555555555555555,
      0,
      1655892058,
      1686996058,
      24000000000000000000000,
      3,
      false
    ),
    IBGOFStakingOld.UserInfo(
      269,
      0x415F2EDd06419b4F64B3e9eB4D90886f5f542722,
      10005000000000000000000,
      0,
      0,
      1655962629,
      1687066629,
      4802400000000000000000,
      3,
      false
    ),
    IBGOFStakingOld.UserInfo(
      270,
      0x3C4c3c74a42CC8FE3342b349AF20B4b691b99E6b,
      66666000000000000000000,
      0,
      0,
      1655967160,
      1687071160,
      31999680000000000000000,
      3,
      false
    ),
    IBGOFStakingOld.UserInfo(
      271,
      0x1966Db871B1091663cd750C08495EBE7765f5C16,
      20000000000000000000000,
      0,
      0,
      1656337377,
      1687441377,
      9600000000000000000000,
      3,
      false
    ),
    IBGOFStakingOld.UserInfo(
      272,
      0x118c2d4b3D82912334a1b3c57B97605e516BDEe5,
      13333000000000000000000,
      0,
      0,
      1656410521,
      1687514521,
      6399840000000000000000,
      3,
      false
    ),
    IBGOFStakingOld.UserInfo(
      273,
      0x9bA7324C974a746954eb87Aadec689E61A3CABb2,
      33333000000000000000000,
      0,
      0,
      1656913522,
      1688017522,
      15999840000000000000000,
      3,
      false
    ),
    IBGOFStakingOld.UserInfo(
      274,
      0x390352460d32387FE4Ee166Ce2e0F24ba653772f,
      50000000000000000000000,
      0,
      0,
      1656917230,
      1688021230,
      24000000000000000000000,
      3,
      false
    ),
    IBGOFStakingOld.UserInfo(
      275,
      0x470aE3303524CD1034DFbd08402C1960ef4a9418,
      190000000000000000000000,
      0,
      0,
      1656917251,
      1688021251,
      91200000000000000000000,
      3,
      false
    ),
    IBGOFStakingOld.UserInfo(
      276,
      0x3a3A1b5D0E1c0f1A5421894bE3Cba08475b839e2,
      33333000000000000000000,
      0,
      0,
      1656929259,
      1688033259,
      15999840000000000000000,
      3,
      false
    ),
    IBGOFStakingOld.UserInfo(
      277,
      0xaC3d4616f3a8C8BE6066428bFF461ae1015EbE0e,
      33333000000000000000000,
      0,
      0,
      1656934551,
      1688038551,
      15999840000000000000000,
      3,
      false
    ),
    IBGOFStakingOld.UserInfo(
      278,
      0xb80098Cc73692Bba31839fF5510820d7334c6424,
      20000000000000000000000,
      0,
      0,
      1656942133,
      1688046133,
      9600000000000000000000,
      3,
      false
    ),
    IBGOFStakingOld.UserInfo(
      279,
      0xBF7343A452AD1df472EBd6ECFaF6685b385B7343,
      20000000000000000000000,
      0,
      0,
      1656994250,
      1688098250,
      9600000000000000000000,
      3,
      false
    ),
    IBGOFStakingOld.UserInfo(
      280,
      0x8C49bb7C34F1cb8f72bD8bDa56da5E98609Ee5D2,
      33333000000000000000000,
      0,
      0,
      1657194027,
      1688298027,
      15999840000000000000000,
      3,
      false
    ),
    IBGOFStakingOld.UserInfo(
      281,
      0xCdd16Afc424632E0fD58fbABC48EC081152D5DCC,
      66666000000000000000000,
      0,
      0,
      1657632959,
      1680960959,
      17999820000000000000000,
      2,
      false
    ),
    IBGOFStakingOld.UserInfo(
      282,
      0x69c4458346f3Dcb853Bf86E21258594aF0CF8017,
      15000000000000000000000,
      0,
      0,
      1657694092,
      1688798092,
      7200000000000000000000,
      3,
      false
    ),
    IBGOFStakingOld.UserInfo(
      283,
      0x32E5998d4ABa07d70b80D9B8FbF156dDA6836B6B,
      1000000000000000000000,
      0,
      0,
      1657697725,
      1688801725,
      480000000000000000000,
      3,
      false
    ),
    IBGOFStakingOld.UserInfo(
      284,
      0x08D8589827Ab6E5299830F55FcD94DC2F92f0b09,
      1000000000000000000000,
      42581203703703703703,
      0,
      1658140735,
      1689244735,
      480000000000000000000,
      3,
      false
    ),
    IBGOFStakingOld.UserInfo(
      285,
      0xC34E2262429fA5C392dfeF66aaE69556B570383C,
      10000000000000000000000,
      1635937500000000000000,
      0,
      1658154860,
      1689258860,
      4800000000000000000000,
      3,
      false
    ),
    IBGOFStakingOld.UserInfo(
      286,
      0xA79144613C8e3E82fFd3dFb5B9f070d20be63448,
      10000000000000000000000,
      0,
      0,
      1658155112,
      1689259112,
      4800000000000000000000,
      3,
      false
    ),
    IBGOFStakingOld.UserInfo(
      287,
      0xEcbD9a9C0B9246210c2cF3EbBd4DD715cB6400D3,
      10000000000000000000000,
      1502382561728395061728,
      0,
      1658155688,
      1689259688,
      4800000000000000000000,
      3,
      false
    ),
    IBGOFStakingOld.UserInfo(
      288,
      0x37a6F1E82609DB77a40226079C1970bD91C6A154,
      10000000000000000000000,
      0,
      0,
      1658223456,
      1689327456,
      4800000000000000000000,
      3,
      false
    ),
    IBGOFStakingOld.UserInfo(
      289,
      0x9CDC3c33a2C757695D46BCf8FaD59C9f9691F448,
      10000000000000000000000,
      1679184722222222222222,
      0,
      1658226921,
      1689330921,
      4800000000000000000000,
      3,
      false
    ),
    IBGOFStakingOld.UserInfo(
      290,
      0x8eFc4fE5fCB2F6f1D079b57f2e1B13075983a0d6,
      20000000000000000000000,
      2873761111111111111111,
      0,
      1658312096,
      1689416096,
      9600000000000000000000,
      3,
      false
    ),
    IBGOFStakingOld.UserInfo(
      291,
      0x527b9687B500ccC1F71B1433C6E7b21Eb2b77025,
      20000000000000000000000,
      0,
      0,
      1658644453,
      1689748453,
      9600000000000000000000,
      3,
      false
    ),
    IBGOFStakingOld.UserInfo(
      292,
      0x9756A157eacF7de0822BbD1cEF5beB6dAEEf8Bf2,
      10000000000000000000000,
      0,
      0,
      1658842811,
      1689946811,
      4800000000000000000000,
      3,
      false
    ),
    IBGOFStakingOld.UserInfo(
      293,
      0x797dCc6a0a0Cd80706398ff70fe7b48eAe19dF0b,
      253333000000000000000000,
      0,
      0,
      1659076004,
      1690180004,
      121599840000000000000000,
      3,
      false
    ),
    IBGOFStakingOld.UserInfo(
      294,
      0xb24cAdB1697c42Cf09F3a8F3F8Aff673833d2805,
      10000000000000000000000,
      0,
      0,
      1659504755,
      1690608755,
      4800000000000000000000,
      3,
      false
    ),
    IBGOFStakingOld.UserInfo(
      295,
      0x9ba42fe24E4dC589F19656f97Df3006E7B3E7D8E,
      10000000000000000000000,
      0,
      0,
      1659745008,
      1690849008,
      4800000000000000000000,
      3,
      false
    ),
    IBGOFStakingOld.UserInfo(
      296,
      0x428a49073b84d41B9EFA99401f1D5a277e719e73,
      300000000000000000000000,
      22440324074074074074074,
      0,
      1660103951,
      1691207951,
      144000000000000000000000,
      3,
      false
    ),
    IBGOFStakingOld.UserInfo(
      297,
      0x5a0D9a50084AbEa47781e7F59f61115D91f43D7e,
      659069000000000000000000,
      71856706422407407407407,
      0,
      1660641550,
      1691745550,
      316353120000000000000000,
      3,
      false
    ),
    IBGOFStakingOld.UserInfo(
      298,
      0x88Dfc4CA41349E1Ba79703dA9821Ba5680f3068D,
      10000000000000000000000,
      0,
      0,
      1661047510,
      1692151510,
      4800000000000000000000,
      3,
      false
    ),
    IBGOFStakingOld.UserInfo(
      299,
      0x31899b1c189fae51bC18E4B67F630Ae5DFe267dD,
      20000000000000000000000,
      0,
      0,
      1661329288,
      1692433288,
      9600000000000000000000,
      3,
      false
    ),
    IBGOFStakingOld.UserInfo(
      300,
      0xEC50936F5FA648fA96F05AF3b40fe602D6FC6Eea,
      10000000000000000000000,
      0,
      0,
      1661996571,
      1693100571,
      4800000000000000000000,
      3,
      false
    ),
    IBGOFStakingOld.UserInfo(
      301,
      0xEC50936F5FA648fA96F05AF3b40fe602D6FC6Eea,
      10000000000000000000000,
      0,
      0,
      1661999937,
      1685327937,
      2700000000000000000000,
      2,
      false
    ),
    IBGOFStakingOld.UserInfo(
      302,
      0x65F7088367c6ED882D8fB40A3aC0827F25d5f85e,
      33334000000000000000000,
      0,
      0,
      1663058701,
      1678610701,
      4000080000000000000000,
      1,
      false
    ),
    IBGOFStakingOld.UserInfo(
      303,
      0xDA6839464c46857E8DA02b9a677B2383ab9697cb,
      10000000000000000000,
      461731867283950617,
      0,
      1663300749,
      1678852749,
      1200000000000000000,
      1,
      false
    ),
    IBGOFStakingOld.UserInfo(
      304,
      0xCC61FEA012EA9541C6EaA52b38a94cA61B3039cC,
      30000000000000000000000,
      0,
      0,
      1663587971,
      1694691971,
      14400000000000000000000,
      3,
      false
    ),
    IBGOFStakingOld.UserInfo(
      305,
      0x6E882399b37c1dF46035506Db246bfEb26550dF4,
      33000000000000000000000,
      0,
      0,
      1665027641,
      1696131641,
      15840000000000000000000,
      3,
      false
    )
  ]